12
0.000000 0.000000 1.789999 0.000000 0.000000 0.000000 0.000000 0.000000 0.000000 0.000000 0.000000 0.000000 0.000000 0.000000 0.000000 0.000000 0.000000 0.000000 0.000000 0.000000
0.000000 0.000000 1.789999 0.000000 0.000000 0.000000 0.000000 0.000000 0.000000 88.699219 0.000000 0.000000 0.000000 0.000000 0.000000 0.000000 0.000000 0.000000 0.000000 0.000000
0.000000 0.000000 1.789999 0.000000 0.000000 37.000008 -72.599464 -52.399773 50.999794 88.699219 0.000000 0.000000 0.000000 0.000000 0.000000 0.000000 0.000000 0.000000 0.000000 0.000000
0.000000 0.000000 1.789999 0.000000 0.000000 6.199995 -72.599464 -5.699995 8.699995 88.699219 0.000000 0.000000 0.000000 0.000000 0.000000 0.000000 0.000000 0.000000 0.000000 0.000000
0.000000 0.000000 1.789999 0.000000 0.000000 6.199995 -11.100004 -5.699995 8.699995 88.699219 0.000000 0.000000 0.000000 0.000000 0.000000 0.000000 0.000000 0.000000 0.000000 0.000000
1.219999 0.000000 1.789999 0.000000 0.000000 6.199995 -11.100004 -5.699995 8.699995 88.699219 0.000000 0.000000 0.000000 0.000000 0.000000 0.000000 0.000000 0.000000 0.000000 0.000000
1.219999 0.000000 1.789999 0.000000 0.000000 6.199995 -86.699249 -5.699995 8.699995 88.699219 0.000000 0.000000 0.000000 0.000000 0.000000 0.000000 0.000000 0.000000 0.000000 0.000000
1.219999 0.000000 1.789999 0.000000 0.000000 6.199995 -9.199997 -5.699995 8.699995 88.699219 0.000000 0.000000 0.000000 0.000000 0.000000 0.000000 0.000000 0.000000 0.000000 0.000000
1.219999 0.000000 1.789999 0.000000 0.000000 6.199995 -9.199997 -5.699995 8.699995 180.501816 0.000000 0.000000 0.000000 0.000000 0.000000 0.000000 0.000000 0.000000 0.000000 0.000000
1.219999 0.000000 0.580000 0.000000 0.000000 6.199995 -9.199997 -5.699995 8.699995 180.501816 0.000000 0.000000 0.000000 0.000000 0.000000 0.000000 0.000000 0.000000 0.000000 0.000000
1.219999 0.000000 0.580000 0.000000 0.000000 6.199995 -87.399239 -5.699995 8.699995 180.501816 0.000000 0.000000 0.000000 0.000000 0.000000 0.000000 0.000000 0.000000 0.000000 0.000000
1.219999 0.000000 0.580000 0.000000 0.000000 6.199995 -15.000019 -5.699995 8.699995 180.501816 0.000000 0.000000 0.000000 0.000000 0.000000 0.000000 0.000000 0.000000 0.000000 0.000000
